0.000000e+00 0.000000e+00
1.000000e+04 1.785725e-13
2.000000e+04 4.661174e-14
3.000000e+04 3.924530e-14
4.000000e+04 8.077674e-14
5.000000e+04 2.667156e-14
6.000000e+04 1.033587e-12
7.000000e+04 5.994752e-14
8.000000e+04 1.422483e-14
9.000000e+04 5.372415e-14
1.000000e+05 5.994752e-14
1.100000e+05 4.356356e-14
1.200000e+05 5.016794e-14
1.300000e+05 2.883069e-14
1.400000e+05 4.747539e-13
1.500000e+05 6.070956e-14
1.600000e+05 1.663798e-14
1.700000e+05 4.089640e-14
1.800000e+05 4.610371e-14
1.900000e+05 3.078661e-13
2.000000e+05 2.286134e-14
2.100000e+05 3.352997e-14
2.200000e+05 1.031301e-13
2.300000e+05 5.105700e-14
2.400000e+05 1.219272e-14
2.500000e+05 9.271544e-15
2.600000e+05 5.016794e-14
2.700000e+05 1.911462e-13
2.800000e+05 2.286134e-14
2.900000e+05 6.185263e-14
3.000000e+05 2.669697e-13
3.100000e+05 6.680592e-14
3.200000e+05 7.175921e-14
3.300000e+05 3.594311e-14
3.400000e+05 6.731395e-14
3.500000e+05 8.207222e-13
3.600000e+05 3.543508e-14
3.700000e+05 7.823659e-14
3.800000e+05 5.778839e-14
3.900000e+05 5.016794e-14
4.000000e+05 9.893881e-14
4.100000e+05 2.946573e-14
4.200000e+05 7.544243e-14
4.300000e+05 6.690753e-13
4.400000e+05 5.194605e-14
4.500000e+05 1.088454e-13
4.600000e+05 1.322148e-13
4.700000e+05 8.420594e-14
4.800000e+05 2.877989e-13
4.900000e+05 9.030230e-14
5.000000e+05 9.309646e-14
5.100000e+05 3.130734e-13
5.200000e+05 5.016794e-14
5.300000e+05 9.906581e-14
5.400000e+05 9.423953e-14
5.500000e+05 6.667891e-14
5.600000e+05 2.306455e-13
5.700000e+05 9.855778e-14
5.800000e+05 7.391834e-14
5.900000e+05 5.822022e-13
6.000000e+05 8.661908e-14
6.100000e+05 1.154498e-13
6.200000e+05 1.287856e-13
6.300000e+05 7.391834e-14
6.400000e+05 6.258927e-13
6.500000e+05 9.995486e-14
6.600000e+05 6.375774e-14
6.700000e+05 1.554571e-13
6.800000e+05 9.284245e-14
6.900000e+05 9.919282e-14
7.000000e+05 1.341199e-13
7.100000e+05 7.264826e-14
7.200000e+05 8.077674e-13
7.300000e+05 1.245943e-13
7.400000e+05 8.484098e-14
7.500000e+05 1.898761e-13
7.600000e+05 1.350089e-13
7.700000e+05 1.421213e-13
7.800000e+05 1.229432e-13
7.900000e+05 7.658549e-14
8.000000e+05 3.919450e-13
8.100000e+05 1.289126e-13
8.200000e+05 7.302929e-14
8.300000e+05 1.080833e-13
8.400000e+05 1.245943e-13
8.500000e+05 1.573622e-13
8.600000e+05 1.107505e-13
8.700000e+05 1.087184e-13
8.800000e+05 7.544243e-13
8.900000e+05 1.452965e-13
9.000000e+05 9.449354e-14
9.100000e+05 9.246143e-14
9.200000e+05 1.162118e-13
9.300000e+05 3.460953e-13
9.400000e+05 9.957384e-14
9.500000e+05 1.154498e-13
9.600000e+05 1.623155e-13
9.700000e+05 1.252293e-13
9.800000e+05 1.030030e-13
9.900000e+05 6.642490e-14
1.000000e+06 1.215461e-13
1.010000e+06 8.254214e-13
1.020000e+06 8.141178e-14
1.030000e+06 1.080833e-13
1.040000e+06 1.352629e-13
1.050000e+06 9.055631e-14
1.060000e+06 1.386921e-13
1.070000e+06 5.791540e-14
1.080000e+06 1.065593e-13
1.090000e+06 4.346195e-13
1.100000e+06 7.137819e-14
1.110000e+06 1.149417e-13
1.120000e+06 1.084644e-13
1.130000e+06 9.449354e-14
1.140000e+06 1.630776e-13
1.150000e+06 6.375774e-14
1.160000e+06 9.271544e-14
1.170000e+06 9.698289e-13
1.180000e+06 6.667891e-14
1.190000e+06 1.153228e-13
1.200000e+06 9.703369e-14
1.210000e+06 9.728771e-14
1.220000e+06 2.359798e-13
1.230000e+06 8.496799e-14
1.240000e+06 8.941325e-14
1.250000e+06 3.540968e-13
1.260000e+06 7.620447e-14
1.270000e+06 1.280235e-13
1.280000e+06 1.235783e-13
1.290000e+06 9.830377e-14
1.300000e+06 7.904944e-13
1.310000e+06 1.092264e-13
1.320000e+06 1.093534e-13
1.330000e+06 2.095623e-13
1.340000e+06 1.064322e-13
1.350000e+06 1.258644e-13
1.360000e+06 1.450425e-13
1.370000e+06 9.804975e-14
1.380000e+06 4.576079e-13
1.390000e+06 1.296746e-13
1.400000e+06 1.036381e-13
1.410000e+06 2.355988e-13
1.420000e+06 1.284045e-13
1.430000e+06 1.585053e-13
1.440000e+06 1.643476e-13
1.450000e+06 1.148147e-13
1.460000e+06 1.003740e-12
1.470000e+06 1.356440e-13
1.480000e+06 9.144537e-14
1.490000e+06 1.483447e-13
1.500000e+06 1.432644e-13
1.510000e+06 1.494878e-13
1.520000e+06 1.308177e-13
1.530000e+06 1.195140e-13
1.540000e+06 5.315262e-13
1.550000e+06 1.400892e-13
1.560000e+06 9.576362e-14
1.570000e+06 1.414863e-13
1.580000e+06 1.347549e-13
1.590000e+06 5.297481e-13
1.600000e+06 1.252293e-13
1.610000e+06 1.102425e-13
1.620000e+06 1.635856e-13
1.630000e+06 1.331038e-13
1.640000e+06 9.398551e-14
1.650000e+06 7.823659e-14
1.660000e+06 1.228162e-13
1.670000e+06 3.029128e-13
1.680000e+06 9.893881e-14
1.690000e+06 1.137987e-13
1.700000e+06 2.608733e-13
1.710000e+06 1.200220e-13
1.720000e+06 1.426294e-13
1.730000e+06 8.928624e-14
1.740000e+06 1.428834e-13
1.750000e+06 8.551412e-13
1.760000e+06 1.204031e-13
1.770000e+06 1.437724e-13
1.780000e+06 1.013519e-13
1.790000e+06 1.270075e-13
1.800000e+06 1.517739e-13
1.810000e+06 9.284245e-14
1.820000e+06 1.388191e-13
1.830000e+06 7.447717e-13
1.840000e+06 8.877821e-14
1.850000e+06 1.665068e-13
1.860000e+06 1.503768e-13
1.870000e+06 1.248483e-13
1.880000e+06 3.662895e-13
1.890000e+06 1.126556e-13
1.900000e+06 1.347549e-13
1.910000e+06 3.034208e-13
1.920000e+06 1.010979e-13
1.930000e+06 1.431374e-13
1.940000e+06 1.187520e-13
1.950000e+06 1.050352e-13
1.960000e+06 2.944033e-13
1.970000e+06 9.157237e-14
1.980000e+06 1.126556e-13
1.990000e+06 4.844064e-13
2.000000e+06 1.211651e-13
2.010000e+06 1.619345e-13
2.020000e+06 1.555841e-13
2.030000e+06 1.083374e-13
2.040000e+06 7.189892e-13
2.050000e+06 1.207841e-13
2.060000e+06 1.140527e-13
2.070000e+06 1.696820e-13
2.080000e+06 1.356440e-13
2.090000e+06 1.619345e-13
2.100000e+06 1.814936e-13
2.110000e+06 1.211651e-13
2.120000e+06 9.370610e-13
2.130000e+06 1.427564e-13
2.140000e+06 1.167198e-13
2.150000e+06 2.192149e-13
2.160000e+06 1.498688e-13
2.170000e+06 2.333127e-13
2.180000e+06 1.619345e-13
2.190000e+06 1.285315e-13
2.200000e+06 3.909289e-13
2.210000e+06 1.609184e-13
2.220000e+06 9.817676e-14
2.230000e+06 1.498688e-13
2.240000e+06 1.386921e-13
2.250000e+06 2.098163e-13
2.260000e+06 1.445345e-13
2.270000e+06 1.116396e-13
2.280000e+06 6.398635e-13
2.290000e+06 1.566002e-13
2.300000e+06 1.220542e-13
2.310000e+06 1.437724e-13
2.320000e+06 1.715871e-13
2.330000e+06 4.430020e-13
2.340000e+06 1.520279e-13
2.350000e+06 1.492338e-13
2.360000e+06 1.999097e-13
2.370000e+06 1.870820e-13
2.380000e+06 1.657447e-13
2.390000e+06 1.515199e-13
2.400000e+06 2.010528e-13
2.410000e+06 1.004883e-12
2.420000e+06 1.776834e-13
2.430000e+06 1.874630e-13
2.440000e+06 1.849229e-13
2.450000e+06 1.995287e-13
2.460000e+06 2.098163e-13
2.470000e+06 1.378031e-13
2.480000e+06 1.865739e-13
2.490000e+06 5.011714e-13
2.500000e+06 1.465666e-13
2.510000e+06 1.864469e-13
2.520000e+06 1.599024e-13
2.530000e+06 1.863199e-13
2.540000e+06 2.724310e-13
2.550000e+06 1.729842e-13
2.560000e+06 1.794615e-13
2.570000e+06 9.027690e-13
2.580000e+06 1.896221e-13
2.590000e+06 2.380120e-13
2.600000e+06 2.145156e-13
2.610000e+06 2.269623e-13
2.620000e+06 3.958822e-13
2.630000e+06 2.062601e-13
2.640000e+06 2.453784e-13
2.650000e+06 4.314443e-13
2.660000e+06 2.098163e-13
2.670000e+06 2.521098e-13
2.680000e+06 2.358528e-13
2.690000e+06 2.161667e-13
2.700000e+06 1.059750e-12
2.710000e+06 2.310266e-13
2.720000e+06 2.406791e-13
2.730000e+06 3.185347e-13
2.740000e+06 2.362339e-13
2.750000e+06 2.716689e-13
2.760000e+06 2.681127e-13
2.770000e+06 2.220090e-13
2.780000e+06 6.036664e-13
2.790000e+06 2.352178e-13
2.800000e+06 2.190879e-13
2.810000e+06 3.206938e-13
2.820000e+06 2.179448e-13
2.830000e+06 2.875449e-13
2.840000e+06 2.451244e-13
2.850000e+06 1.973696e-13
2.860000e+06 9.728771e-13
2.870000e+06 2.272163e-13
2.880000e+06 1.790805e-13
2.890000e+06 2.395361e-13
2.900000e+06 2.134995e-13
2.910000e+06 2.516018e-13
2.920000e+06 2.326777e-13
2.930000e+06 1.943214e-13
2.940000e+06 5.804241e-13
2.950000e+06 2.255652e-13
2.960000e+06 1.793345e-13
2.970000e+06 2.165477e-13
2.980000e+06 2.021959e-13
2.990000e+06 7.137819e-13
3.000000e+06 2.157857e-13
3.010000e+06 1.661257e-13
3.020000e+06 2.377580e-13
3.030000e+06 2.057521e-13
3.040000e+06 1.635856e-13
3.050000e+06 1.569812e-13
3.060000e+06 1.809856e-13
3.070000e+06 4.052808e-13
3.080000e+06 1.736192e-13
3.090000e+06 1.681579e-13
3.100000e+06 2.729390e-13
3.110000e+06 1.917813e-13
3.120000e+06 1.969886e-13
3.130000e+06 1.430104e-13
3.140000e+06 1.827637e-13
3.150000e+06 8.225003e-13
3.160000e+06 1.411053e-13
3.170000e+06 1.680309e-13
3.180000e+06 1.215461e-13
3.190000e+06 1.611725e-13
3.200000e+06 1.755243e-13
3.210000e+06 1.045271e-13
3.220000e+06 1.413593e-13
3.230000e+06 7.075585e-13
3.240000e+06 8.255484e-14
3.250000e+06 1.242133e-13
3.260000e+06 9.703369e-14
3.270000e+06 1.007169e-13
3.280000e+06 4.313173e-13
3.290000e+06 6.185263e-14
3.300000e+06 1.116396e-13
3.310000e+06 2.311536e-13
3.320000e+06 8.445996e-14
3.330000e+06 1.173549e-13
3.340000e+06 7.976068e-14
3.350000e+06 5.791540e-14
3.360000e+06 2.911011e-13
3.370000e+06 2.781463e-14
3.380000e+06 5.270809e-14
3.390000e+06 3.199318e-13
3.400000e+06 2.781463e-14
3.410000e+06 9.525559e-14
3.420000e+06 5.385116e-14
3.430000e+06 3.035478e-14
3.440000e+06 6.690753e-13
3.450000e+06 4.267450e-14
3.460000e+06 4.686575e-14
3.470000e+06 1.145607e-13
3.480000e+06 4.356356e-14
3.490000e+06 7.709352e-14
3.500000e+06 5.461320e-14
3.510000e+06 1.549491e-14
3.520000e+06 8.766054e-13
3.530000e+06 4.991393e-14
3.540000e+06 3.073580e-14
3.550000e+06 1.021140e-13
3.560000e+06 4.229348e-14
3.570000e+06 1.770484e-13
3.580000e+06 5.753438e-14
3.590000e+06 1.994017e-14
3.600000e+06 2.775113e-13
3.610000e+06 6.921906e-14
3.620000e+06 2.184528e-14
3.630000e+06 6.274168e-14
3.640000e+06 4.572268e-14
3.650000e+06 1.411053e-13
3.660000e+06 6.833001e-14
3.670000e+06 2.349638e-14
3.680000e+06 4.747539e-13
3.690000e+06 6.147161e-14
3.700000e+06 3.607012e-14
3.710000e+06 4.407159e-14
3.720000e+06 4.470662e-14
3.730000e+06 3.819114e-13
3.740000e+06 3.454603e-14
3.750000e+06 3.048179e-15
3.760000e+06 4.203947e-14
3.770000e+06 2.705259e-14
3.780000e+06 2.514748e-14
3.790000e+06 1.651097e-14
3.800000e+06 5.588328e-15
3.810000e+06 9.177559e-13
3.820000e+06 3.048179e-15
3.830000e+06 1.460586e-14
3.840000e+06 1.346279e-14
3.850000e+06 2.159127e-14
3.860000e+06 4.153144e-14
3.870000e+06 3.035478e-14
3.880000e+06 3.810224e-16
3.890000e+06 2.818295e-13
3.900000e+06 2.273433e-14
3.910000e+06 9.017529e-15
3.920000e+06 2.870368e-14
3.930000e+06 6.096358e-15
3.940000e+06 9.220741e-14
3.950000e+06 3.619712e-14
3.960000e+06 1.803506e-14
3.970000e+06 5.614999e-13
3.980000e+06 2.298835e-14
3.990000e+06 1.168469e-14
4.000000e+06 9.652566e-15
4.010000e+06 8.636507e-15
4.020000e+06 1.964805e-13
4.030000e+06 5.880445e-14
4.040000e+06 2.933872e-14
4.050000e+06 8.890522e-14
4.060000e+06 7.937966e-14
4.070000e+06 4.991393e-14
4.080000e+06 6.007452e-14
4.090000e+06 6.883804e-14
4.100000e+06 8.489178e-13
4.110000e+06 8.217382e-14
4.120000e+06 6.248767e-14
4.130000e+06 5.207306e-15
4.140000e+06 8.445996e-14
4.150000e+06 3.518106e-14
4.160000e+06 7.429936e-14
4.170000e+06 9.347748e-14
4.180000e+06 3.140894e-13
4.190000e+06 8.445996e-14
4.200000e+06 9.131836e-14
4.210000e+06 9.271544e-15
4.220000e+06 1.017330e-13
4.230000e+06 7.620447e-16
4.240000e+06 7.201323e-14
4.250000e+06 1.063052e-13
4.260000e+06 5.847423e-13
4.270000e+06 7.849061e-14
4.280000e+06 1.019870e-13
4.290000e+06 5.131101e-14
4.300000e+06 8.814317e-14
4.310000e+06 2.438543e-14
4.320000e+06 6.286869e-14
4.330000e+06 1.146877e-13
4.340000e+06 2.486806e-13
4.350000e+06 6.680592e-14
4.360000e+06 1.080833e-13
4.370000e+06 7.506140e-14
4.380000e+06 8.814317e-14
4.390000e+06 5.648021e-13
4.400000e+06 4.915188e-14
4.410000e+06 1.037651e-13
4.420000e+06 2.235331e-14
4.430000e+06 4.038837e-14
4.440000e+06 9.131836e-14
4.450000e+06 6.502782e-14
4.460000e+06 6.845702e-14
4.470000e+06 2.018148e-13
4.480000e+06 7.569644e-14
4.490000e+06 1.085914e-13
